(kicad_pcb (version 20171130) (host pcbnew 5.1.8)

  (general
    (thickness 1.6)
    (drawings 12)
    (tracks 361)
    (zones 0)
    (modules 71)
    (nets 66)
  )

  (page A4)
  (layers
    (0 F.Cu signal)
    (31 B.Cu signal)
    (32 B.Adhes user)
    (33 F.Adhes user)
    (34 B.Paste user)
    (35 F.Paste user)
    (36 B.SilkS user)
    (37 F.SilkS user)
    (38 B.Mask user)
    (39 F.Mask user)
    (40 Dwgs.User user)
    (41 Cmts.User user)
    (42 Eco1.User user)
    (43 Eco2.User user)
    (44 Edge.Cuts user)
    (45 Margin user)
    (46 B.CrtYd user)
    (47 F.CrtYd user)
    (48 B.Fab user)
    (49 F.Fab user)
  )

  (setup
    (last_trace_width 0.25)
    (user_trace_width 0.6)
    (user_trace_width 0.8)
    (trace_clearance 0.2)
    (zone_clearance 0.508)
    (zone_45_only no)
    (trace_min 0.2)
    (via_size 0.8)
    (via_drill 0.4)
    (via_min_size 0.4)
    (via_min_drill 0.3)
    (uvia_size 0.3)
    (uvia_drill 0.1)
    (uvias_allowed no)
    (uvia_min_size 0.2)
    (uvia_min_drill 0.1)
    (edge_width 0.05)
    (segment_width 0.2)
    (pcb_text_width 0.3)
    (pcb_text_size 1.5 1.5)
    (mod_edge_width 0.12)
    (mod_text_size 1 1)
    (mod_text_width 0.15)
    (pad_size 1.05 1.5)
    (pad_drill 0.8)
    (pad_to_mask_clearance 0)
    (aux_axis_origin 193.35 47.04)
    (visible_elements FFFFFF7F)
    (pcbplotparams
      (layerselection 0x01000_fffffffe)
      (usegerberextensions false)
      (usegerberattributes true)
      (usegerberadvancedattributes true)
      (creategerberjobfile true)
      (excludeedgelayer true)
      (linewidth 0.100000)
      (plotframeref false)
      (viasonmask false)
      (mode 1)
      (useauxorigin true)
      (hpglpennumber 1)
      (hpglpenspeed 20)
      (hpglpendiameter 15.000000)
      (psnegative false)
      (psa4output false)
      (plotreference true)
      (plotvalue true)
      (plotinvisibletext false)
      (padsonsilk false)
      (subtractmaskfromsilk false)
      (outputformat 1)
      (mirror false)
      (drillshape 0)
      (scaleselection 1)
      (outputdirectory "gerber/"))
  )

  (net 0 "")
  (net 1 +5V)
  (net 2 GND)
  (net 3 "Net-(D1-Pad1)")
  (net 4 "Net-(D1-Pad3)")
  (net 5 "Net-(D1-Pad4)")
  (net 6 "Net-(D2-Pad4)")
  (net 7 "Net-(D2-Pad3)")
  (net 8 "Net-(D2-Pad1)")
  (net 9 "Net-(D3-Pad1)")
  (net 10 "Net-(D3-Pad3)")
  (net 11 "Net-(D3-Pad4)")
  (net 12 "Net-(D4-Pad1)")
  (net 13 "Net-(D4-Pad3)")
  (net 14 "Net-(D4-Pad4)")
  (net 15 "Net-(D5-Pad1)")
  (net 16 "Net-(D5-Pad3)")
  (net 17 "Net-(D5-Pad4)")
  (net 18 "Net-(D6-Pad4)")
  (net 19 "Net-(D6-Pad3)")
  (net 20 "Net-(D6-Pad1)")
  (net 21 "Net-(D7-Pad4)")
  (net 22 "Net-(D7-Pad3)")
  (net 23 "Net-(D7-Pad1)")
  (net 24 "Net-(D8-Pad4)")
  (net 25 "Net-(D8-Pad3)")
  (net 26 "Net-(D8-Pad1)")
  (net 27 "Net-(D9-Pad4)")
  (net 28 "Net-(D9-Pad3)")
  (net 29 "Net-(D9-Pad1)")
  (net 30 "Net-(D10-Pad1)")
  (net 31 "Net-(D10-Pad3)")
  (net 32 "Net-(D10-Pad4)")
  (net 33 "Net-(D11-Pad4)")
  (net 34 "Net-(D11-Pad3)")
  (net 35 "Net-(D11-Pad1)")
  (net 36 "Net-(D12-Pad1)")
  (net 37 "Net-(D12-Pad3)")
  (net 38 "Net-(D12-Pad4)")
  (net 39 "Net-(Q1-Pad2)")
  (net 40 /RED)
  (net 41 /GRN)
  (net 42 "Net-(Q2-Pad2)")
  (net 43 "Net-(Q3-Pad2)")
  (net 44 /BLU)
  (net 45 /RED_PIN)
  (net 46 /GRN_PIN)
  (net 47 /BLU_PIN)
  (net 48 "Net-(J1-Pad2)")
  (net 49 "Net-(J1-Pad3)")
  (net 50 "Net-(C1-Pad1)")
  (net 51 "Net-(C2-Pad1)")
  (net 52 "Net-(C4-Pad2)")
  (net 53 +3V3)
  (net 54 "Net-(J1-Pad4)")
  (net 55 "Net-(U1-Pad10)")
  (net 56 "Net-(U1-Pad11)")
  (net 57 "Net-(U1-Pad12)")
  (net 58 "Net-(U1-Pad14)")
  (net 59 "Net-(U1-Pad15)")
  (net 60 /D-)
  (net 61 /D+)
  (net 62 /TDX)
  (net 63 /RXD)
  (net 64 /~CTS)
  (net 65 /~DTR)

  (net_class Default "This is the default net class."
    (clearance 0.2)
    (trace_width 0.25)
    (via_dia 0.8)
    (via_drill 0.4)
    (uvia_dia 0.3)
    (uvia_drill 0.1)
    (add_net +3V3)
    (add_net +5V)
    (add_net /BLU)
    (add_net /BLU_PIN)
    (add_net /D+)
    (add_net /D-)
    (add_net /GRN)
    (add_net /GRN_PIN)
    (add_net /RED)
    (add_net /RED_PIN)
    (add_net /RXD)
    (add_net /TDX)
    (add_net /~CTS)
    (add_net /~DTR)
    (add_net GND)
    (add_net "Net-(C1-Pad1)")
    (add_net "Net-(C2-Pad1)")
    (add_net "Net-(C4-Pad2)")
    (add_net "Net-(D1-Pad1)")
    (add_net "Net-(D1-Pad3)")
    (add_net "Net-(D1-Pad4)")
    (add_net "Net-(D10-Pad1)")
    (add_net "Net-(D10-Pad3)")
    (add_net "Net-(D10-Pad4)")
    (add_net "Net-(D11-Pad1)")
    (add_net "Net-(D11-Pad3)")
    (add_net "Net-(D11-Pad4)")
    (add_net "Net-(D12-Pad1)")
    (add_net "Net-(D12-Pad3)")
    (add_net "Net-(D12-Pad4)")
    (add_net "Net-(D2-Pad1)")
    (add_net "Net-(D2-Pad3)")
    (add_net "Net-(D2-Pad4)")
    (add_net "Net-(D3-Pad1)")
    (add_net "Net-(D3-Pad3)")
    (add_net "Net-(D3-Pad4)")
    (add_net "Net-(D4-Pad1)")
    (add_net "Net-(D4-Pad3)")
    (add_net "Net-(D4-Pad4)")
    (add_net "Net-(D5-Pad1)")
    (add_net "Net-(D5-Pad3)")
    (add_net "Net-(D5-Pad4)")
    (add_net "Net-(D6-Pad1)")
    (add_net "Net-(D6-Pad3)")
    (add_net "Net-(D6-Pad4)")
    (add_net "Net-(D7-Pad1)")
    (add_net "Net-(D7-Pad3)")
    (add_net "Net-(D7-Pad4)")
    (add_net "Net-(D8-Pad1)")
    (add_net "Net-(D8-Pad3)")
    (add_net "Net-(D8-Pad4)")
    (add_net "Net-(D9-Pad1)")
    (add_net "Net-(D9-Pad3)")
    (add_net "Net-(D9-Pad4)")
    (add_net "Net-(J1-Pad2)")
    (add_net "Net-(J1-Pad3)")
    (add_net "Net-(J1-Pad4)")
    (add_net "Net-(Q1-Pad2)")
    (add_net "Net-(Q2-Pad2)")
    (add_net "Net-(Q3-Pad2)")
    (add_net "Net-(U1-Pad10)")
    (add_net "Net-(U1-Pad11)")
    (add_net "Net-(U1-Pad12)")
    (add_net "Net-(U1-Pad14)")
    (add_net "Net-(U1-Pad15)")
  )

  (module MountingHole:MountingHole_3.2mm_M3 (layer F.Cu) (tedit 56D1B4CB) (tstamp 5FBA77F3)
    (at 189.85 74.5)
    (descr "Mounting Hole 3.2mm, no annular, M3")
    (tags "mounting hole 3.2mm no annular m3")
    (attr virtual)
    (fp_text reference REF** (at 0 -4.2) (layer F.SilkS) hide
      (effects (font (size 1 1) (thickness 0.15)))
    )
    (fp_text value MountingHole_3.2mm_M3 (at 0 4.2) (layer F.Fab)
      (effects (font (size 1 1) (thickness 0.15)))
    )
    (fp_circle (center 0 0) (end 3.2 0) (layer Cmts.User) (width 0.15))
    (fp_circle (center 0 0) (end 3.45 0) (layer F.CrtYd) (width 0.05))
    (fp_text user %R (at 0.3 0) (layer F.Fab)
      (effects (font (size 1 1) (thickness 0.15)))
    )
    (pad 1 np_thru_hole circle (at 0 0) (size 3.2 3.2) (drill 3.2) (layers *.Cu *.Mask))
  )

  (module MountingHole:MountingHole_3.2mm_M3 (layer F.Cu) (tedit 56D1B4CB) (tstamp 5FBA778E)
    (at 50.15 74.5)
    (descr "Mounting Hole 3.2mm, no annular, M3")
    (tags "mounting hole 3.2mm no annular m3")
    (attr virtual)
    (fp_text reference REF** (at 0 -4.2) (layer F.SilkS) hide
      (effects (font (size 1 1) (thickness 0.15)))
    )
    (fp_text value MountingHole_3.2mm_M3 (at 0 4.2) (layer F.Fab)
      (effects (font (size 1 1) (thickness 0.15)))
    )
    (fp_circle (center 0 0) (end 3.2 0) (layer Cmts.User) (width 0.15))
    (fp_circle (center 0 0) (end 3.45 0) (layer F.CrtYd) (width 0.05))
    (fp_text user %R (at 0.3 0) (layer F.Fab)
      (effects (font (size 1 1) (thickness 0.15)))
    )
    (pad 1 np_thru_hole circle (at 0 0) (size 3.2 3.2) (drill 3.2) (layers *.Cu *.Mask))
  )

  (module MountingHole:MountingHole_3.2mm_M3 (layer F.Cu) (tedit 56D1B4CB) (tstamp 5FBA775C)
    (at 50.15 50.54)
    (descr "Mounting Hole 3.2mm, no annular, M3")
    (tags "mounting hole 3.2mm no annular m3")
    (attr virtual)
    (fp_text reference REF** (at 0 -4.2) (layer F.SilkS) hide
      (effects (font (size 1 1) (thickness 0.15)))
    )
    (fp_text value MountingHole_3.2mm_M3 (at 0 4.2) (layer F.Fab)
      (effects (font (size 1 1) (thickness 0.15)))
    )
    (fp_circle (center 0 0) (end 3.2 0) (layer Cmts.User) (width 0.15))
    (fp_circle (center 0 0) (end 3.45 0) (layer F.CrtYd) (width 0.05))
    (fp_text user %R (at 0.3 0) (layer F.Fab)
      (effects (font (size 1 1) (thickness 0.15)))
    )
    (pad 1 np_thru_hole circle (at 0 0) (size 3.2 3.2) (drill 3.2) (layers *.Cu *.Mask))
  )

  (module MountingHole:MountingHole_3.2mm_M3 (layer F.Cu) (tedit 56D1B4CB) (tstamp 5FBA7851)
    (at 189.85 50.54)
    (descr "Mounting Hole 3.2mm, no annular, M3")
    (tags "mounting hole 3.2mm no annular m3")
    (attr virtual)
    (fp_text reference REF** (at 0 -4.2) (layer F.SilkS) hide
      (effects (font (size 1 1) (thickness 0.15)))
    )
    (fp_text value MountingHole_3.2mm_M3 (at 0 4.2) (layer F.Fab)
      (effects (font (size 1 1) (thickness 0.15)))
    )
    (fp_text user %R (at 0.3 0) (layer F.Fab)
      (effects (font (size 1 1) (thickness 0.15)))
    )
    (fp_circle (center 0 0) (end 3.2 0) (layer Cmts.User) (width 0.15))
    (fp_circle (center 0 0) (end 3.45 0) (layer F.CrtYd) (width 0.05))
    (pad 1 np_thru_hole circle (at 0 0) (size 3.2 3.2) (drill 3.2) (layers *.Cu *.Mask))
  )

  (module Connector_PinHeader_2.54mm:PinHeader_1x06_P2.54mm_Vertical (layer B.Cu) (tedit 5FB99C57) (tstamp 5FBA260F)
    (at 102.9 73.6 270)
    (descr "Through hole straight pin header, 1x06, 2.54mm pitch, single row")
    (tags "Through hole pin header THT 1x06 2.54mm single row")
    (path /5FFF6ED8)
    (fp_text reference J2 (at 0 2.33 270) (layer B.SilkS)
      (effects (font (size 1 1) (thickness 0.15)) (justify mirror))
    )
    (fp_text value SERAIL (at 0 -15.03 270) (layer B.Fab)
      (effects (font (size 1 1) (thickness 0.15)) (justify mirror))
    )
    (fp_line (start -0.635 1.27) (end 1.27 1.27) (layer B.Fab) (width 0.1))
    (fp_line (start 1.27 1.27) (end 1.27 -13.97) (layer B.Fab) (width 0.1))
    (fp_line (start 1.27 -13.97) (end -1.27 -13.97) (layer B.Fab) (width 0.1))
    (fp_line (start -1.27 -13.97) (end -1.27 0.635) (layer B.Fab) (width 0.1))
    (fp_line (start -1.27 0.635) (end -0.635 1.27) (layer B.Fab) (width 0.1))
    (fp_line (start -1.33 -14.03) (end 1.33 -14.03) (layer B.SilkS) (width 0.12))
    (fp_line (start -1.33 -1.27) (end -1.33 -14.03) (layer B.SilkS) (width 0.12))
    (fp_line (start 1.33 -1.27) (end 1.33 -14.03) (layer B.SilkS) (width 0.12))
    (fp_line (start -1.33 -1.27) (end 1.33 -1.27) (layer B.SilkS) (width 0.12))
    (fp_line (start -1.33 0) (end -1.33 1.33) (layer B.SilkS) (width 0.12))
    (fp_line (start -1.33 1.33) (end 0 1.33) (layer B.SilkS) (width 0.12))
    (fp_line (start -1.8 1.8) (end -1.8 -14.5) (layer B.CrtYd) (width 0.05))
    (fp_line (start -1.8 -14.5) (end 1.8 -14.5) (layer B.CrtYd) (width 0.05))
    (fp_line (start 1.8 -14.5) (end 1.8 1.8) (layer B.CrtYd) (width 0.05))
    (fp_line (start 1.8 1.8) (end -1.8 1.8) (layer B.CrtYd) (width 0.05))
    (fp_text user %R (at 0 -6.35 180) (layer B.Fab)
      (effects (font (size 1 1) (thickness 0.15)) (justify mirror))
    )
    (pad 1 smd rect (at 0 0 270) (size 1.7 1.7) (layers B.Cu B.Paste B.Mask)
      (net 2 GND))
    (pad 2 smd oval (at 0 -2.54 270) (size 1.7 1.7) (layers B.Cu B.Paste B.Mask)
      (net 64 /~CTS))
    (pad 3 smd oval (at 0 -5.08 270) (size 1.7 1.7) (layers B.Cu B.Paste B.Mask)
      (net 53 +3V3))
    (pad 4 smd oval (at 0 -7.62 270) (size 1.7 1.7) (layers B.Cu B.Paste B.Mask)
      (net 62 /TDX))
    (pad 5 smd oval (at 0 -10.16 270) (size 1.7 1.7) (layers B.Cu B.Paste B.Mask)
      (net 63 /RXD))
    (pad 6 smd oval (at 0 -12.7 270) (size 1.7 1.7) (layers B.Cu B.Paste B.Mask)
      (net 65 /~DTR))
  )

  (module Package_TO_SOT_THT:TO-92_Inline (layer F.Cu) (tedit 5A1DD157) (tstamp 5FB8CAF2)
    (at 149.64 70.8)
    (descr "TO-92 leads in-line, narrow, oval pads, drill 0.75mm (see NXP sot054_po.pdf)")
    (tags "to-92 sc-43 sc-43a sot54 PA33 transistor")
    (path /5FBEA45B)
    (fp_text reference Q1 (at 1.27 -3.56) (layer F.SilkS)
      (effects (font (size 1 1) (thickness 0.15)))
    )
    (fp_text value PN2222A (at 1.27 2.79) (layer F.Fab)
      (effects (font (size 1 1) (thickness 0.15)))
    )
    (fp_line (start -0.53 1.85) (end 3.07 1.85) (layer F.SilkS) (width 0.12))
    (fp_line (start -0.5 1.75) (end 3 1.75) (layer F.Fab) (width 0.1))
    (fp_line (start -1.46 -2.73) (end 4 -2.73) (layer F.CrtYd) (width 0.05))
    (fp_line (start -1.46 -2.73) (end -1.46 2.01) (layer F.CrtYd) (width 0.05))
    (fp_line (start 4 2.01) (end 4 -2.73) (layer F.CrtYd) (width 0.05))
    (fp_line (start 4 2.01) (end -1.46 2.01) (layer F.CrtYd) (width 0.05))
    (fp_text user %R (at 1.27 0) (layer F.Fab)
      (effects (font (size 1 1) (thickness 0.15)))
    )
    (fp_arc (start 1.27 0) (end 1.27 -2.48) (angle 135) (layer F.Fab) (width 0.1))
    (fp_arc (start 1.27 0) (end 1.27 -2.6) (angle -135) (layer F.SilkS) (width 0.12))
    (fp_arc (start 1.27 0) (end 1.27 -2.48) (angle -135) (layer F.Fab) (width 0.1))
    (fp_arc (start 1.27 0) (end 1.27 -2.6) (angle 135) (layer F.SilkS) (width 0.12))
    (pad 2 thru_hole oval (at 1.27 0) (size 1.05 1.5) (drill 0.75) (layers *.Cu *.Mask)
      (net 39 "Net-(Q1-Pad2)"))
    (pad 3 thru_hole oval (at 2.54 0) (size 1.05 1.5) (drill 0.75) (layers *.Cu *.Mask)
      (net 40 /RED))
    (pad 1 thru_hole rect (at 0 0) (size 1.05 1.5) (drill 0.75) (layers *.Cu *.Mask)
      (net 2 GND))
    (model ${KISYS3DMOD}/Package_TO_SOT_THT.3dshapes/TO-92_Inline.wrl
      (at (xyz 0 0 0))
      (scale (xyz 1 1 1))
      (rotate (xyz 0 0 0))
    )
  )

  (module Package_TO_SOT_THT:TO-92_Inline (layer F.Cu) (tedit 5A1DD157) (tstamp 5FB8CB04)
    (at 162.8 70.8)
    (descr "TO-92 leads in-line, narrow, oval pads, drill 0.75mm (see NXP sot054_po.pdf)")
    (tags "to-92 sc-43 sc-43a sot54 PA33 transistor")
    (path /5FC15758)
    (fp_text reference Q2 (at 1.27 -3.56) (layer F.SilkS)
      (effects (font (size 1 1) (thickness 0.15)))
    )
    (fp_text value PN2222A (at 1.27 2.79) (layer F.Fab)
      (effects (font (size 1 1) (thickness 0.15)))
    )
    (fp_line (start 4 2.01) (end -1.46 2.01) (layer F.CrtYd) (width 0.05))
    (fp_line (start 4 2.01) (end 4 -2.73) (layer F.CrtYd) (width 0.05))
    (fp_line (start -1.46 -2.73) (end -1.46 2.01) (layer F.CrtYd) (width 0.05))
    (fp_line (start -1.46 -2.73) (end 4 -2.73) (layer F.CrtYd) (width 0.05))
    (fp_line (start -0.5 1.75) (end 3 1.75) (layer F.Fab) (width 0.1))
    (fp_line (start -0.53 1.85) (end 3.07 1.85) (layer F.SilkS) (width 0.12))
    (fp_arc (start 1.27 0) (end 1.27 -2.6) (angle 135) (layer F.SilkS) (width 0.12))
    (fp_arc (start 1.27 0) (end 1.27 -2.48) (angle -135) (layer F.Fab) (width 0.1))
    (fp_arc (start 1.27 0) (end 1.27 -2.6) (angle -135) (layer F.SilkS) (width 0.12))
    (fp_arc (start 1.27 0) (end 1.27 -2.48) (angle 135) (layer F.Fab) (width 0.1))
    (fp_text user %R (at 1.27 0) (layer F.Fab)
      (effects (font (size 1 1) (thickness 0.15)))
    )
    (pad 1 thru_hole rect (at 0 0) (size 1.05 1.5) (drill 0.75) (layers *.Cu *.Mask)
      (net 2 GND))
    (pad 3 thru_hole oval (at 2.54 0) (size 1.05 1.5) (drill 0.75) (layers *.Cu *.Mask)
      (net 41 /GRN))
    (pad 2 thru_hole oval (at 1.27 0) (size 1.05 1.5) (drill 0.75) (layers *.Cu *.Mask)
      (net 42 "Net-(Q2-Pad2)"))
    (model ${KISYS3DMOD}/Package_TO_SOT_THT.3dshapes/TO-92_Inline.wrl
      (at (xyz 0 0 0))
      (scale (xyz 1 1 1))
      (rotate (xyz 0 0 0))
    )
  )

  (module Package_TO_SOT_THT:TO-92_Inline (layer F.Cu) (tedit 5A1DD157) (tstamp 5FB8CB16)
    (at 176.1 70.8)
    (descr "TO-92 leads in-line, narrow, oval pads, drill 0.75mm (see NXP sot054_po.pdf)")
    (tags "to-92 sc-43 sc-43a sot54 PA33 transistor")
    (path /5FC23DCE)
    (fp_text reference Q3 (at 1.27 -3.56) (layer F.SilkS)
      (effects (font (size 1 1) (thickness 0.15)))
    )
    (fp_text value PN2222A (at 1.27 2.79) (layer F.Fab)
      (effects (font (size 1 1) (thickness 0.15)))
    )
    (fp_line (start -0.53 1.85) (end 3.07 1.85) (layer F.SilkS) (width 0.12))
    (fp_line (start -0.5 1.75) (end 3 1.75) (layer F.Fab) (width 0.1))
    (fp_line (start -1.46 -2.73) (end 4 -2.73) (layer F.CrtYd) (width 0.05))
    (fp_line (start -1.46 -2.73) (end -1.46 2.01) (layer F.CrtYd) (width 0.05))
    (fp_line (start 4 2.01) (end 4 -2.73) (layer F.CrtYd) (width 0.05))
    (fp_line (start 4 2.01) (end -1.46 2.01) (layer F.CrtYd) (width 0.05))
    (fp_text user %R (at 1.27 0) (layer F.Fab)
      (effects (font (size 1 1) (thickness 0.15)))
    )
    (fp_arc (start 1.27 0) (end 1.27 -2.48) (angle 135) (layer F.Fab) (width 0.1))
    (fp_arc (start 1.27 0) (end 1.27 -2.6) (angle -135) (layer F.SilkS) (width 0.12))
    (fp_arc (start 1.27 0) (end 1.27 -2.48) (angle -135) (layer F.Fab) (width 0.1))
    (fp_arc (start 1.27 0) (end 1.27 -2.6) (angle 135) (layer F.SilkS) (width 0.12))
    (pad 2 thru_hole oval (at 1.27 0) (size 1.05 1.5) (drill 0.75) (layers *.Cu *.Mask)
      (net 43 "Net-(Q3-Pad2)"))
    (pad 3 thru_hole oval (at 2.54 0) (size 1.05 1.5) (drill 0.75) (layers *.Cu *.Mask)
      (net 44 /BLU))
    (pad 1 thru_hole rect (at 0 0) (size 1.05 1.5) (drill 0.75) (layers *.Cu *.Mask)
      (net 2 GND))
    (model ${KISYS3DMOD}/Package_TO_SOT_THT.3dshapes/TO-92_Inline.wrl
      (at (xyz 0 0 0))
      (scale (xyz 1 1 1))
      (rotate (xyz 0 0 0))
    )
  )

  (module Resistor_THT:R_Axial_DIN0204_L3.6mm_D1.6mm_P7.62mm_Horizontal (layer F.Cu) (tedit 5AE5139B) (tstamp 5FB8CB5B)
    (at 147.1 73.9)
    (descr "Resistor, Axial_DIN0204 series, Axial, Horizontal, pin pitch=7.62mm, 0.167W, length*diameter=3.6*1.6mm^2, http://cdn-reichelt.de/documents/datenblatt/B400/1_4W%23YAG.pdf")
    (tags "Resistor Axial_DIN0204 series Axial Horizontal pin pitch 7.62mm 0.167W length 3.6mm diameter 1.6mm")
    (path /5FBF2D73)
    (fp_text reference R3 (at 3.81 -1.92) (layer F.SilkS)
      (effects (font (size 1 1) (thickness 0.15)))
    )
    (fp_text value 4.7k (at 3.81 1.92) (layer F.Fab)
      (effects (font (size 1 1) (thickness 0.15)))
    )
    (fp_line (start 8.57 -1.05) (end -0.95 -1.05) (layer F.CrtYd) (width 0.05))
    (fp_line (start 8.57 1.05) (end 8.57 -1.05) (layer F.CrtYd) (width 0.05))
    (fp_line (start -0.95 1.05) (end 8.57 1.05) (layer F.CrtYd) (width 0.05))
    (fp_line (start -0.95 -1.05) (end -0.95 1.05) (layer F.CrtYd) (width 0.05))
    (fp_line (start 6.68 0) (end 5.73 0) (layer F.SilkS) (width 0.12))
    (fp_line (start 0.94 0) (end 1.89 0) (layer F.SilkS) (width 0.12))
    (fp_line (start 5.73 -0.92) (end 1.89 -0.92) (layer F.SilkS) (width 0.12))
    (fp_line (start 5.73 0.92) (end 5.73 -0.92) (layer F.SilkS) (width 0.12))
    (fp_line (start 1.89 0.92) (end 5.73 0.92) (layer F.SilkS) (width 0.12))
    (fp_line (start 1.89 -0.92) (end 1.89 0.92) (layer F.SilkS) (width 0.12))
    (fp_line (start 7.62 0) (end 5.61 0) (layer F.Fab) (width 0.1))
    (fp_line (start 0 0) (end 2.01 0) (layer F.Fab) (width 0.1))
    (fp_line (start 5.61 -0.8) (end 2.01 -0.8) (layer F.Fab) (width 0.1))
    (fp_line (start 5.61 0.8) (end 5.61 -0.8) (layer F.Fab) (width 0.1))
    (fp_line (start 2.01 0.8) (end 5.61 0.8) (layer F.Fab) (width 0.1))
    (fp_line (start 2.01 -0.8) (end 2.01 0.8) (layer F.Fab) (width 0.1))
    (fp_text user %R (at 3.81 0) (layer F.Fab)
      (effects (font (size 0.72 0.72) (thickness 0.108)))
    )
    (pad 2 thru_hole oval (at 7.62 0) (size 1.4 1.4) (drill 0.7) (layers *.Cu *.Mask)
      (net 45 /RED_PIN))
    (pad 1 thru_hole circle (at 0 0) (size 1.4 1.4) (drill 0.7) (layers *.Cu *.Mask)
      (net 39 "Net-(Q1-Pad2)"))
    (model ${KISYS3DMOD}/Resistor_THT.3dshapes/R_Axial_DIN0204_L3.6mm_D1.6mm_P7.62mm_Horizontal.wrl
      (at (xyz 0 0 0))
      (scale (xyz 1 1 1))
      (rotate (xyz 0 0 0))
    )
  )

  (module Resistor_THT:R_Axial_DIN0204_L3.6mm_D1.6mm_P7.62mm_Horizontal (layer F.Cu) (tedit 5AE5139B) (tstamp 5FB9A470)
    (at 160.26 73.9)
    (descr "Resistor, Axial_DIN0204 series, Axial, Horizontal, pin pitch=7.62mm, 0.167W, length*diameter=3.6*1.6mm^2, http://cdn-reichelt.de/documents/datenblatt/B400/1_4W%23YAG.pdf")
    (tags "Resistor Axial_DIN0204 series Axial Horizontal pin pitch 7.62mm 0.167W length 3.6mm diameter 1.6mm")
    (path /5FC15B6A)
    (fp_text reference R4 (at 3.81 -1.92) (layer F.SilkS)
      (effects (font (size 1 1) (thickness 0.15)))
    )
    (fp_text value 4.7k (at 3.81 1.92) (layer F.Fab)
      (effects (font (size 1 1) (thickness 0.15)))
    )
    (fp_line (start 8.57 -1.05) (end -0.95 -1.05) (layer F.CrtYd) (width 0.05))
    (fp_line (start 8.57 1.05) (end 8.57 -1.05) (layer F.CrtYd) (width 0.05))
    (fp_line (start -0.95 1.05) (end 8.57 1.05) (layer F.CrtYd) (width 0.05))
    (fp_line (start -0.95 -1.05) (end -0.95 1.05) (layer F.CrtYd) (width 0.05))
    (fp_line (start 6.68 0) (end 5.73 0) (layer F.SilkS) (width 0.12))
    (fp_line (start 0.94 0) (end 1.89 0) (layer F.SilkS) (width 0.12))
    (fp_line (start 5.73 -0.92) (end 1.89 -0.92) (layer F.SilkS) (width 0.12))
    (fp_line (start 5.73 0.92) (end 5.73 -0.92) (layer F.SilkS) (width 0.12))
    (fp_line (start 1.89 0.92) (end 5.73 0.92) (layer F.SilkS) (width 0.12))
    (fp_line (start 1.89 -0.92) (end 1.89 0.92) (layer F.SilkS) (width 0.12))
    (fp_line (start 7.62 0) (end 5.61 0) (layer F.Fab) (width 0.1))
    (fp_line (start 0 0) (end 2.01 0) (layer F.Fab) (width 0.1))
    (fp_line (start 5.61 -0.8) (end 2.01 -0.8) (layer F.Fab) (width 0.1))
    (fp_line (start 5.61 0.8) (end 5.61 -0.8) (layer F.Fab) (width 0.1))
    (fp_line (start 2.01 0.8) (end 5.61 0.8) (layer F.Fab) (width 0.1))
    (fp_line (start 2.01 -0.8) (end 2.01 0.8) (layer F.Fab) (width 0.1))
    (fp_text user %R (at 3.81 0) (layer F.Fab)
      (effects (font (size 0.72 0.72) (thickness 0.108)))
    )
    (pad 2 thru_hole oval (at 7.62 0) (size 1.4 1.4) (drill 0.7) (layers *.Cu *.Mask)
      (net 46 /GRN_PIN))
    (pad 1 thru_hole circle (at 0 0) (size 1.4 1.4) (drill 0.7) (layers *.Cu *.Mask)
      (net 42 "Net-(Q2-Pad2)"))
    (model ${KISYS3DMOD}/Resistor_THT.3dshapes/R_Axial_DIN0204_L3.6mm_D1.6mm_P7.62mm_Horizontal.wrl
      (at (xyz 0 0 0))
      (scale (xyz 1 1 1))
      (rotate (xyz 0 0 0))
    )
  )

  (module Resistor_THT:R_Axial_DIN0204_L3.6mm_D1.6mm_P7.62mm_Horizontal (layer F.Cu) (tedit 5AE5139B) (tstamp 5FB8CB89)
    (at 173.56 73.9)
    (descr "Resistor, Axial_DIN0204 series, Axial, Horizontal, pin pitch=7.62mm, 0.167W, length*diameter=3.6*1.6mm^2, http://cdn-reichelt.de/documents/datenblatt/B400/1_4W%23YAG.pdf")
    (tags "Resistor Axial_DIN0204 series Axial Horizontal pin pitch 7.62mm 0.167W length 3.6mm diameter 1.6mm")
    (path /5FC2437C)
    (fp_text reference R5 (at 3.81 -1.92) (layer F.SilkS)
      (effects (font (size 1 1) (thickness 0.15)))
    )
    (fp_text value 4.7k (at 3.81 1.92) (layer F.Fab)
      (effects (font (size 1 1) (thickness 0.15)))
    )
    (fp_line (start 2.01 -0.8) (end 2.01 0.8) (layer F.Fab) (width 0.1))
    (fp_line (start 2.01 0.8) (end 5.61 0.8) (layer F.Fab) (width 0.1))
    (fp_line (start 5.61 0.8) (end 5.61 -0.8) (layer F.Fab) (width 0.1))
    (fp_line (start 5.61 -0.8) (end 2.01 -0.8) (layer F.Fab) (width 0.1))
    (fp_line (start 0 0) (end 2.01 0) (layer F.Fab) (width 0.1))
    (fp_line (start 7.62 0) (end 5.61 0) (layer F.Fab) (width 0.1))
    (fp_line (start 1.89 -0.92) (end 1.89 0.92) (layer F.SilkS) (width 0.12))
    (fp_line (start 1.89 0.92) (end 5.73 0.92) (layer F.SilkS) (width 0.12))
    (fp_line (start 5.73 0.92) (end 5.73 -0.92) (layer F.SilkS) (width 0.12))
    (fp_line (start 5.73 -0.92) (end 1.89 -0.92) (layer F.SilkS) (width 0.12))
    (fp_line (start 0.94 0) (end 1.89 0) (layer F.SilkS) (width 0.12))
    (fp_line (start 6.68 0) (end 5.73 0) (layer F.SilkS) (width 0.12))
    (fp_line (start -0.95 -1.05) (end -0.95 1.05) (layer F.CrtYd) (width 0.05))
    (fp_line (start -0.95 1.05) (end 8.57 1.05) (layer F.CrtYd) (width 0.05))
    (fp_line (start 8.57 1.05) (end 8.57 -1.05) (layer F.CrtYd) (width 0.05))
    (fp_line (start 8.57 -1.05) (end -0.95 -1.05) (layer F.CrtYd) (width 0.05))
    (fp_text user %R (at 3.81 0) (layer F.Fab)
      (effects (font (size 0.72 0.72) (thickness 0.108)))
    )
    (pad 1 thru_hole circle (at 0 0) (size 1.4 1.4) (drill 0.7) (layers *.Cu *.Mask)
      (net 43 "Net-(Q3-Pad2)"))
    (pad 2 thru_hole oval (at 7.62 0) (size 1.4 1.4) (drill 0.7) (layers *.Cu *.Mask)
      (net 47 /BLU_PIN))
    (model ${KISYS3DMOD}/Resistor_THT.3dshapes/R_Axial_DIN0204_L3.6mm_D1.6mm_P7.62mm_Horizontal.wrl
      (at (xyz 0 0 0))
      (scale (xyz 1 1 1))
      (rotate (xyz 0 0 0))
    )
  )

  (module LED_THT:LED_D5.0mm-4_RGB_Staggered_Pins locked (layer F.Cu) (tedit 5F446326) (tstamp 5FB95A54)
    (at 54.4325 61.74)
    (descr "LED, diameter 5.0mm, 4 pins, WP154A4, http://webtest4.kingbright.com/attachments/file/psearch/000/00/00/L-154A4SUREQBFZGEW(Ver.9A).pdf")
    (tags "rgb led")
    (path /5FC960AF)
    (fp_text reference D1 (at 2.413 -3.198) (layer F.SilkS)
      (effects (font (size 1 1) (thickness 0.15)))
    )
    (fp_text value LED_RAGB (at 2.667 4.722) (layer F.Fab)
      (effects (font (size 1 1) (thickness 0.15)))
    )
    (fp_line (start -1.02 -2.49) (end 5.84 -2.49) (layer F.CrtYd) (width 0.05))
    (fp_line (start -1.02 4.01) (end -1.02 -2.49) (layer F.CrtYd) (width 0.05))
    (fp_line (start 5.84 4.01) (end -1.02 4.01) (layer F.CrtYd) (width 0.05))
    (fp_line (start 5.84 -2.49) (end 5.84 4.01) (layer F.CrtYd) (width 0.05))
    (fp_circle (center 2.413 0.762) (end 4.913 0.762) (layer F.Fab) (width 0.1))
    (fp_line (start -0.087 -0.707694) (end -0.087 2.231694) (layer F.Fab) (width 0.1))
    (fp_line (start -0.147 1.061188) (end -0.147 2.307) (layer F.SilkS) (width 0.12))
    (fp_text user %R (at 2.413 -3.198) (layer F.Fab)
      (effects (font (size 1 1) (thickness 0.15)))
    )
    (fp_arc (start 2.413 0.762) (end 0.660401 -1.015999) (angle 128) (layer F.SilkS) (width 0.12))
    (fp_arc (start 2.413 0.762) (end -0.087 -0.707694) (angle 299.1) (layer F.Fab) (width 0.1))
    (fp_arc (start 2.413 0.762) (end 0.028 -1.038) (angle 138) (layer F.SilkS) (width 0.12))
    (fp_arc (start 2.413 0.762) (end -0.147 2.30683) (angle -112) (layer F.SilkS) (width 0.12))
    (fp_arc (start 2.413 0.762) (end 0.158316 1.842) (angle -116) (layer F.SilkS) (width 0.12))
    (pad 1 thru_hole roundrect (at 0 0) (size 1.8 1.8) (drill 0.9) (layers *.Cu *.Mask) (roundrect_rratio 0.25)
      (net 3 "Net-(D1-Pad1)"))
    (pad 2 thru_hole circle (at 1.778 1.524) (size 1.8 1.8) (drill 0.9) (layers *.Cu *.Mask)
      (net 1 +5V))
    (pad 3 thru_hole circle (at 3.302 0) (size 1.8 1.8) (drill 0.9) (layers *.Cu *.Mask)
      (net 4 "Net-(D1-Pad3)"))
    (pad 4 thru_hole circle (at 4.826 1.524) (size 1.8 1.8) (drill 0.9) (layers *.Cu *.Mask)
      (net 5 "Net-(D1-Pad4)"))
    (model ${KISYS3DMOD}/LED_THT.3dshapes/LED_D5.0mm-4_RGB_Staggered_Pins.wrl
      (at (xyz 0 0 0))
      (scale (xyz 1 1 1))
      (rotate (xyz 0 0 0))
    )
  )

  (module LED_THT:LED_D5.0mm-4_RGB_Staggered_Pins locked (layer F.Cu) (tedit 5F446326) (tstamp 5FB95A69)
    (at 65.92375 61.74)
    (descr "LED, diameter 5.0mm, 4 pins, WP154A4, http://webtest4.kingbright.com/attachments/file/psearch/000/00/00/L-154A4SUREQBFZGEW(Ver.9A).pdf")
    (tags "rgb led")
    (path /5FC960D8)
    (fp_text reference D2 (at 2.413 -3.198) (layer F.SilkS)
      (effects (font (size 1 1) (thickness 0.15)))
    )
    (fp_text value LED_RAGB (at 2.667 4.722) (layer F.Fab)
      (effects (font (size 1 1) (thickness 0.15)))
    )
    (fp_line (start -1.02 -2.49) (end 5.84 -2.49) (layer F.CrtYd) (width 0.05))
    (fp_line (start -1.02 4.01) (end -1.02 -2.49) (layer F.CrtYd) (width 0.05))
    (fp_line (start 5.84 4.01) (end -1.02 4.01) (layer F.CrtYd) (width 0.05))
    (fp_line (start 5.84 -2.49) (end 5.84 4.01) (layer F.CrtYd) (width 0.05))
    (fp_circle (center 2.413 0.762) (end 4.913 0.762) (layer F.Fab) (width 0.1))
    (fp_line (start -0.087 -0.707694) (end -0.087 2.231694) (layer F.Fab) (width 0.1))
    (fp_line (start -0.147 1.061188) (end -0.147 2.307) (layer F.SilkS) (width 0.12))
    (fp_text user %R (at 2.413 -3.198) (layer F.Fab)
      (effects (font (size 1 1) (thickness 0.15)))
    )
    (fp_arc (start 2.413 0.762) (end 0.660401 -1.015999) (angle 128) (layer F.SilkS) (width 0.12))
    (fp_arc (start 2.413 0.762) (end -0.087 -0.707694) (angle 299.1) (layer F.Fab) (width 0.1))
    (fp_arc (start 2.413 0.762) (end 0.028 -1.038) (angle 138) (layer F.SilkS) (width 0.12))
    (fp_arc (start 2.413 0.762) (end -0.147 2.30683) (angle -112) (layer F.SilkS) (width 0.12))
    (fp_arc (start 2.413 0.762) (end 0.158316 1.842) (angle -116) (layer F.SilkS) (width 0.12))
    (pad 1 thru_hole roundrect (at 0 0) (size 1.8 1.8) (drill 0.9) (layers *.Cu *.Mask) (roundrect_rratio 0.25)
      (net 8 "Net-(D2-Pad1)"))
    (pad 2 thru_hole circle (at 1.778 1.524) (size 1.8 1.8) (drill 0.9) (layers *.Cu *.Mask)
      (net 1 +5V))
    (pad 3 thru_hole circle (at 3.302 0) (size 1.8 1.8) (drill 0.9) (layers *.Cu *.Mask)
      (net 7 "Net-(D2-Pad3)"))
    (pad 4 thru_hole circle (at 4.826 1.524) (size 1.8 1.8) (drill 0.9) (layers *.Cu *.Mask)
      (net 6 "Net-(D2-Pad4)"))
    (model ${KISYS3DMOD}/LED_THT.3dshapes/LED_D5.0mm-4_RGB_Staggered_Pins.wrl
      (at (xyz 0 0 0))
      (scale (xyz 1 1 1))
      (rotate (xyz 0 0 0))
    )
  )

  (module LED_THT:LED_D5.0mm-4_RGB_Staggered_Pins locked (layer F.Cu) (tedit 5F446326) (tstamp 5FB95A7E)
    (at 77.405 61.74)
    (descr "LED, diameter 5.0mm, 4 pins, WP154A4, http://webtest4.kingbright.com/attachments/file/psearch/000/00/00/L-154A4SUREQBFZGEW(Ver.9A).pdf")
    (tags "rgb led")
    (path /5FC96101)
    (fp_text reference D3 (at 2.413 -3.198) (layer F.SilkS)
      (effects (font (size 1 1) (thickness 0.15)))
    )
    (fp_text value LED_RAGB (at 2.667 4.722) (layer F.Fab)
      (effects (font (size 1 1) (thickness 0.15)))
    )
    (fp_line (start -0.147 1.061188) (end -0.147 2.307) (layer F.SilkS) (width 0.12))
    (fp_line (start -0.087 -0.707694) (end -0.087 2.231694) (layer F.Fab) (width 0.1))
    (fp_circle (center 2.413 0.762) (end 4.913 0.762) (layer F.Fab) (width 0.1))
    (fp_line (start 5.84 -2.49) (end 5.84 4.01) (layer F.CrtYd) (width 0.05))
    (fp_line (start 5.84 4.01) (end -1.02 4.01) (layer F.CrtYd) (width 0.05))
    (fp_line (start -1.02 4.01) (end -1.02 -2.49) (layer F.CrtYd) (width 0.05))
    (fp_line (start -1.02 -2.49) (end 5.84 -2.49) (layer F.CrtYd) (width 0.05))
    (fp_arc (start 2.413 0.762) (end 0.158316 1.842) (angle -116) (layer F.SilkS) (width 0.12))
    (fp_arc (start 2.413 0.762) (end -0.147 2.30683) (angle -112) (layer F.SilkS) (width 0.12))
    (fp_arc (start 2.413 0.762) (end 0.028 -1.038) (angle 138) (layer F.SilkS) (width 0.12))
    (fp_arc (start 2.413 0.762) (end -0.087 -0.707694) (angle 299.1) (layer F.Fab) (width 0.1))
    (fp_arc (start 2.413 0.762) (end 0.660401 -1.015999) (angle 128) (layer F.SilkS) (width 0.12))
    (fp_text user %R (at 2.413 -3.198) (layer F.Fab)
      (effects (font (size 1 1) (thickness 0.15)))
    )
    (pad 4 thru_hole circle (at 4.826 1.524) (size 1.8 1.8) (drill 0.9) (layers *.Cu *.Mask)
      (net 11 "Net-(D3-Pad4)"))
    (pad 3 thru_hole circle (at 3.302 0) (size 1.8 1.8) (drill 0.9) (layers *.Cu *.Mask)
      (net 10 "Net-(D3-Pad3)"))
    (pad 2 thru_hole circle (at 1.778 1.524) (size 1.8 1.8) (drill 0.9) (layers *.Cu *.Mask)
      (net 1 +5V))
    (pad 1 thru_hole roundrect (at 0 0) (size 1.8 1.8) (drill 0.9) (layers *.Cu *.Mask) (roundrect_rratio 0.25)
      (net 9 "Net-(D3-Pad1)"))
    (model ${KISYS3DMOD}/LED_THT.3dshapes/LED_D5.0mm-4_RGB_Staggered_Pins.wrl
      (at (xyz 0 0 0))
      (scale (xyz 1 1 1))
      (rotate (xyz 0 0 0))
    )
  )

  (module LED_THT:LED_D5.0mm-4_RGB_Staggered_Pins locked (layer F.Cu) (tedit 5F446326) (tstamp 5FB95A93)
    (at 88.88625 61.74)
    (descr "LED, diameter 5.0mm, 4 pins, WP154A4, http://webtest4.kingbright.com/attachments/file/psearch/000/00/00/L-154A4SUREQBFZGEW(Ver.9A).pdf")
    (tags "rgb led")
    (path /5FC9612A)
    (fp_text reference D4 (at 2.413 -3.198) (layer F.SilkS)
      (effects (font (size 1 1) (thickness 0.15)))
    )
    (fp_text value LED_RAGB (at 2.667 4.722) (layer F.Fab)
      (effects (font (size 1 1) (thickness 0.15)))
    )
    (fp_line (start -0.147 1.061188) (end -0.147 2.307) (layer F.SilkS) (width 0.12))
    (fp_line (start -0.087 -0.707694) (end -0.087 2.231694) (layer F.Fab) (width 0.1))
    (fp_circle (center 2.413 0.762) (end 4.913 0.762) (layer F.Fab) (width 0.1))
    (fp_line (start 5.84 -2.49) (end 5.84 4.01) (layer F.CrtYd) (width 0.05))
    (fp_line (start 5.84 4.01) (end -1.02 4.01) (layer F.CrtYd) (width 0.05))
    (fp_line (start -1.02 4.01) (end -1.02 -2.49) (layer F.CrtYd) (width 0.05))
    (fp_line (start -1.02 -2.49) (end 5.84 -2.49) (layer F.CrtYd) (width 0.05))
    (fp_arc (start 2.413 0.762) (end 0.158316 1.842) (angle -116) (layer F.SilkS) (width 0.12))
    (fp_arc (start 2.413 0.762) (end -0.147 2.30683) (angle -112) (layer F.SilkS) (width 0.12))
    (fp_arc (start 2.413 0.762) (end 0.028 -1.038) (angle 138) (layer F.SilkS) (width 0.12))
    (fp_arc (start 2.413 0.762) (end -0.087 -0.707694) (angle 299.1) (layer F.Fab) (width 0.1))
    (fp_arc (start 2.413 0.762) (end 0.660401 -1.015999) (angle 128) (layer F.SilkS) (width 0.12))
    (fp_text user %R (at 2.413 -3.198) (layer F.Fab)
      (effects (font (size 1 1) (thickness 0.15)))
    )
    (pad 4 thru_hole circle (at 4.826 1.524) (size 1.8 1.8) (drill 0.9) (layers *.Cu *.Mask)
      (net 14 "Net-(D4-Pad4)"))
    (pad 3 thru_hole circle (at 3.302 0) (size 1.8 1.8) (drill 0.9) (layers *.Cu *.Mask)
      (net 13 "Net-(D4-Pad3)"))
    (pad 2 thru_hole circle (at 1.778 1.524) (size 1.8 1.8) (drill 0.9) (layers *.Cu *.Mask)
      (net 1 +5V))
    (pad 1 thru_hole roundrect (at 0 0) (size 1.8 1.8) (drill 0.9) (layers *.Cu *.Mask) (roundrect_rratio 0.25)
      (net 12 "Net-(D4-Pad1)"))
    (model ${KISYS3DMOD}/LED_THT.3dshapes/LED_D5.0mm-4_RGB_Staggered_Pins.wrl
      (at (xyz 0 0 0))
      (scale (xyz 1 1 1))
      (rotate (xyz 0 0 0))
    )
  )

  (module LED_THT:LED_D5.0mm-4_RGB_Staggered_Pins locked (layer F.Cu) (tedit 5F446326) (tstamp 5FB95AA8)
    (at 100.3675 61.74)
    (descr "LED, diameter 5.0mm, 4 pins, WP154A4, http://webtest4.kingbright.com/attachments/file/psearch/000/00/00/L-154A4SUREQBFZGEW(Ver.9A).pdf")
    (tags "rgb led")
    (path /5FC9600C)
    (fp_text reference D5 (at 2.413 -3.198) (layer F.SilkS)
      (effects (font (size 1 1) (thickness 0.15)))
    )
    (fp_text value LED_RAGB (at 2.667 4.722) (layer F.Fab)
      (effects (font (size 1 1) (thickness 0.15)))
    )
    (fp_line (start -1.02 -2.49) (end 5.84 -2.49) (layer F.CrtYd) (width 0.05))
    (fp_line (start -1.02 4.01) (end -1.02 -2.49) (layer F.CrtYd) (width 0.05))
    (fp_line (start 5.84 4.01) (end -1.02 4.01) (layer F.CrtYd) (width 0.05))
    (fp_line (start 5.84 -2.49) (end 5.84 4.01) (layer F.CrtYd) (width 0.05))
    (fp_circle (center 2.413 0.762) (end 4.913 0.762) (layer F.Fab) (width 0.1))
    (fp_line (start -0.087 -0.707694) (end -0.087 2.231694) (layer F.Fab) (width 0.1))
    (fp_line (start -0.147 1.061188) (end -0.147 2.307) (layer F.SilkS) (width 0.12))
    (fp_text user %R (at 2.413 -3.198) (layer F.Fab)
      (effects (font (size 1 1) (thickness 0.15)))
    )
    (fp_arc (start 2.413 0.762) (end 0.660401 -1.015999) (angle 128) (layer F.SilkS) (width 0.12))
    (fp_arc (start 2.413 0.762) (end -0.087 -0.707694) (angle 299.1) (layer F.Fab) (width 0.1))
    (fp_arc (start 2.413 0.762) (end 0.028 -1.038) (angle 138) (layer F.SilkS) (width 0.12))
    (fp_arc (start 2.413 0.762) (end -0.147 2.30683) (angle -112) (layer F.SilkS) (width 0.12))
    (fp_arc (start 2.413 0.762) (end 0.158316 1.842) (angle -116) (layer F.SilkS) (width 0.12))
    (pad 1 thru_hole roundrect (at 0 0) (size 1.8 1.8) (drill 0.9) (layers *.Cu *.Mask) (roundrect_rratio 0.25)
      (net 15 "Net-(D5-Pad1)"))
    (pad 2 thru_hole circle (at 1.778 1.524) (size 1.8 1.8) (drill 0.9) (layers *.Cu *.Mask)
      (net 1 +5V))
    (pad 3 thru_hole circle (at 3.302 0) (size 1.8 1.8) (drill 0.9) (layers *.Cu *.Mask)
      (net 16 "Net-(D5-Pad3)"))
    (pad 4 thru_hole circle (at 4.826 1.524) (size 1.8 1.8) (drill 0.9) (layers *.Cu *.Mask)
      (net 17 "Net-(D5-Pad4)"))
    (model ${KISYS3DMOD}/LED_THT.3dshapes/LED_D5.0mm-4_RGB_Staggered_Pins.wrl
      (at (xyz 0 0 0))
      (scale (xyz 1 1 1))
      (rotate (xyz 0 0 0))
    )
  )

  (module LED_THT:LED_D5.0mm-4_RGB_Staggered_Pins locked (layer F.Cu) (tedit 5F446326) (tstamp 5FB95ABD)
    (at 111.84875 61.74)
    (descr "LED, diameter 5.0mm, 4 pins, WP154A4, http://webtest4.kingbright.com/attachments/file/psearch/000/00/00/L-154A4SUREQBFZGEW(Ver.9A).pdf")
    (tags "rgb led")
    (path /5FC96035)
    (fp_text reference D6 (at 2.413 -3.198) (layer F.SilkS)
      (effects (font (size 1 1) (thickness 0.15)))
    )
    (fp_text value LED_RAGB (at 2.667 4.722) (layer F.Fab)
      (effects (font (size 1 1) (thickness 0.15)))
    )
    (fp_line (start -0.147 1.061188) (end -0.147 2.307) (layer F.SilkS) (width 0.12))
    (fp_line (start -0.087 -0.707694) (end -0.087 2.231694) (layer F.Fab) (width 0.1))
    (fp_circle (center 2.413 0.762) (end 4.913 0.762) (layer F.Fab) (width 0.1))
    (fp_line (start 5.84 -2.49) (end 5.84 4.01) (layer F.CrtYd) (width 0.05))
    (fp_line (start 5.84 4.01) (end -1.02 4.01) (layer F.CrtYd) (width 0.05))
    (fp_line (start -1.02 4.01) (end -1.02 -2.49) (layer F.CrtYd) (width 0.05))
    (fp_line (start -1.02 -2.49) (end 5.84 -2.49) (layer F.CrtYd) (width 0.05))
    (fp_arc (start 2.413 0.762) (end 0.158316 1.842) (angle -116) (layer F.SilkS) (width 0.12))
    (fp_arc (start 2.413 0.762) (end -0.147 2.30683) (angle -112) (layer F.SilkS) (width 0.12))
    (fp_arc (start 2.413 0.762) (end 0.028 -1.038) (angle 138) (layer F.SilkS) (width 0.12))
    (fp_arc (start 2.413 0.762) (end -0.087 -0.707694) (angle 299.1) (layer F.Fab) (width 0.1))
    (fp_arc (start 2.413 0.762) (end 0.660401 -1.015999) (angle 128) (layer F.SilkS) (width 0.12))
    (fp_text user %R (at 2.413 -3.198) (layer F.Fab)
      (effects (font (size 1 1) (thickness 0.15)))
    )
    (pad 4 thru_hole circle (at 4.826 1.524) (size 1.8 1.8) (drill 0.9) (layers *.Cu *.Mask)
      (net 18 "Net-(D6-Pad4)"))
    (pad 3 thru_hole circle (at 3.302 0) (size 1.8 1.8) (drill 0.9) (layers *.Cu *.Mask)
      (net 19 "Net-(D6-Pad3)"))
    (pad 2 thru_hole circle (at 1.778 1.524) (size 1.8 1.8) (drill 0.9) (layers *.Cu *.Mask)
      (net 1 +5V))
    (pad 1 thru_hole roundrect (at 0 0) (size 1.8 1.8) (drill 0.9) (layers *.Cu *.Mask) (roundrect_rratio 0.25)
      (net 20 "Net-(D6-Pad1)"))
    (model ${KISYS3DMOD}/LED_THT.3dshapes/LED_D5.0mm-4_RGB_Staggered_Pins.wrl
      (at (xyz 0 0 0))
      (scale (xyz 1 1 1))
      (rotate (xyz 0 0 0))
    )
  )

  (module LED_THT:LED_D5.0mm-4_RGB_Staggered_Pins locked (layer F.Cu) (tedit 5F446326) (tstamp 5FB95AD2)
    (at 123.33 61.74)
    (descr "LED, diameter 5.0mm, 4 pins, WP154A4, http://webtest4.kingbright.com/attachments/file/psearch/000/00/00/L-154A4SUREQBFZGEW(Ver.9A).pdf")
    (tags "rgb led")
    (path /5FC9605E)
    (fp_text reference D7 (at 2.413 -3.198) (layer F.SilkS)
      (effects (font (size 1 1) (thickness 0.15)))
    )
    (fp_text value LED_RAGB (at 2.667 4.722) (layer F.Fab)
      (effects (font (size 1 1) (thickness 0.15)))
    )
    (fp_line (start -0.147 1.061188) (end -0.147 2.307) (layer F.SilkS) (width 0.12))
    (fp_line (start -0.087 -0.707694) (end -0.087 2.231694) (layer F.Fab) (width 0.1))
    (fp_circle (center 2.413 0.762) (end 4.913 0.762) (layer F.Fab) (width 0.1))
    (fp_line (start 5.84 -2.49) (end 5.84 4.01) (layer F.CrtYd) (width 0.05))
    (fp_line (start 5.84 4.01) (end -1.02 4.01) (layer F.CrtYd) (width 0.05))
    (fp_line (start -1.02 4.01) (end -1.02 -2.49) (layer F.CrtYd) (width 0.05))
    (fp_line (start -1.02 -2.49) (end 5.84 -2.49) (layer F.CrtYd) (width 0.05))
    (fp_arc (start 2.413 0.762) (end 0.158316 1.842) (angle -116) (layer F.SilkS) (width 0.12))
    (fp_arc (start 2.413 0.762) (end -0.147 2.30683) (angle -112) (layer F.SilkS) (width 0.12))
    (fp_arc (start 2.413 0.762) (end 0.028 -1.038) (angle 138) (layer F.SilkS) (width 0.12))
